Freq. 	 Ampl. 	 Tau 	 Offs
0.8	-0.001374353629	4.54060672033	-0.00052553824693
0.81	-0.00129612131334	4.48284216243	-0.000528288665147
0.82	-0.00122517637924	4.52850911511	-0.000518438732594
0.83	-0.00117197509234	4.50379617417	-0.000543279124976
0.84	-0.00121086650772	4.50021974081	-0.000529176910011
0.85	-0.00126244223366	4.48140435592	-0.000543807895427
0.86	-0.00137434524205	4.58023620384	-0.000526291498844
0.87	-0.00142053903585	4.58180950061	-0.000503581046547
0.88	-0.00141709056499	4.63845899922	-0.00049321691775
0.89	-0.00127008814052	4.42554724284	-0.000544203130556
0.9	-0.0011777491382	4.44719583211	-0.000542559199357
0.91	-0.00112907664442	4.45386463649	-0.000533107249621
0.92	-0.00114540271982	4.45502048853	-0.000537689260053
0.93	-0.00123803965116	4.51546048886	-0.000537810976278
0.94	-0.00136308622127	4.59299315692	-0.000516128044362
0.95	-0.00143716378103	4.62021145207	-0.000501517106861
0.96	-0.0013514083853	4.48960971599	-0.000549027304557
0.97	-0.00130096643146	4.49525026962	-0.000516355934867
0.98	-0.00116084192308	4.42460314475	-0.000546608531858
0.99	-0.00107852915238	4.41638135401	-0.000565098216489
1.0	-0.0011504328621	4.54957055622	-0.000512149456813
1.01	-0.00123367093422	4.58350837284	-0.000526780846012
1.02	-0.00130622387554	4.49313988222	-0.000552050553189
1.03	-0.00140499537961	4.54460554656	-0.000543383724752
1.04	-0.00145059012406	4.65856816049	-0.000492905031363
1.05	-0.00125925237635	4.41237652844	-0.000544817361778
1.06	-0.00113996069557	4.3861890853	-0.000534989087565
1.07	-0.00103845401859	4.39762755148	-0.000553611597096
1.08	-0.00103190383026	4.40608942522	-0.00055246930127
1.09	-0.00113756700775	4.48585081608	-0.000532241392183
1.1	-0.00127954164632	4.54411808478	-0.000538240323673
1.11	-0.00141921941601	4.58298606769	-0.00052500315183
1.12	-0.00143852506129	4.58471573679	-0.000513682437386
1.13	-0.00135695157235	4.5805273672	-0.000502068859171
1.14	-0.00116198239752	4.40744040908	-0.000553450039081
1.15	-0.00105597228499	4.45888320621	-0.000552283462024
1.16	-0.00105503853474	4.52216741078	-0.000535594478367
1.17	-0.00111025339028	4.48130549085	-0.000534831700224
1.18	-0.00125456928636	4.49705065969	-0.000528425571546
1.19	-0.00143547380164	4.5946529702	-0.000510613415323
1.2	-0.00146095412378	4.57796230076	-0.000522220850037
1.21	-0.00136879373252	4.55841926317	-0.000508208598363
1.22	-0.00118426951	4.47615277326	-0.000530267492169
1.23	-0.00102112981974	4.41183067427	-0.000553836825283
1.24	-0.000978453711605	4.44263969585	-0.000536226254863
1.25	-0.00101697954919	4.44607937074	-0.000564638464906
1.26	-0.00117835493992	4.50295091255	-0.000532762473646
1.27	-0.00138237986909	4.5811252984	-0.000519585655184
1.28	-0.00150464856533	4.59629495894	-0.000495943559568
1.29	-0.00143042753475	4.60991204817	-0.000514419173964
1.3	-0.00121051693197	4.4584213014	-0.000537550902085
1.31	-0.00102532807908	4.39733035486	-0.000548388133845
1.32	-0.000956513811958	4.44373826122	-0.000555733919137
1.33	-0.000959651174383	4.42498840526	-0.00057185823764
1.34	-0.00111189512868	4.516491265	-0.000527718502988
1.35	-0.00134128818544	4.5975302614	-0.000492551194409
1.36	-0.00150538299405	4.59463066202	-0.000505009792529
1.37	-0.00146777367961	4.57811687314	-0.00050625519366
1.38	-0.00125545289983	4.49804930765	-0.000529236180985
1.39	-0.00106063692662	4.46359222693	-0.00054710831319
1.4	-0.000949642386415	4.47587397676	-0.000539895324509
1.41	-0.000922189051329	4.44363636609	-0.000558921057362
1.42	-0.00105182430293	4.54389268104	-0.000523475611354
1.43	-0.00120297659234	4.48348324628	-0.000559316971441
1.44	-0.00147626436	4.679989297	-0.000497136272594
1.45	-0.00150034786971	4.64801391559	-0.000489284454226
1.46	-0.00125524799204	4.43937522321	-0.000558696119394
1.47	-0.00107463772485	4.42378100114	-0.000544319620976
1.48	-0.000957006425344	4.4678484708	-0.00053979868698
1.49	-0.000930058916723	4.51449910659	-0.000549389502206
1.5	-0.000992915753811	4.49324495517	-0.000549529141803
1.51	-0.00115938700941	4.51165447401	-0.000547896269144
1.52	-0.00140933558704	4.57070742227	-0.000513098201265
1.53	-0.00147302647957	4.54614586774	-0.000534099438772
1.54	-0.00133675408572	4.53260402263	-0.000527813187147
1.55	-0.00111676190102	4.48778212495	-0.00052325542787
1.56	-0.000913984070088	4.39755354616	-0.000576376297696
1.57	-0.000885882077926	4.49692072198	-0.000562776574551
1.58	-0.000961823653238	4.57871816289	-0.000533144082894
1.59	-0.00109192913174	4.47365346789	-0.000546438659301
1.6	-0.00133982363565	4.53016403912	-0.000538636747562
1.61	-0.00150383038725	4.5657330099	-0.000524965777791
1.62	-0.00142846968845	4.60671748963	-0.000500834334455
1.63	-0.00112080102375	4.43837862365	-0.000557334441261
1.64	-0.000964140160446	4.49402946573	-0.000538098186334
1.65	-0.000866608798921	4.51869448043	-0.000552930210013
1.66	-0.000900296480527	4.56657844188	-0.000534280363747
1.67	-0.00102368114893	4.57238266772	-0.000541340082179
1.68	-0.00120564491762	4.46416218851	-0.000576913119679
1.69	-0.00146504818097	4.54210480738	-0.000532319611447
1.7	-0.00148126419563	4.59516483456	-0.000513713241244
1.71	-0.00126247813367	4.56532113421	-0.000521403548225
1.72	-0.00100408368218	4.4626604162	-0.000564731404895
1.73	-0.000897852678465	4.51269437042	-0.000546407012318
1.74	-0.000873506702533	4.50816344241	-0.000549812607138
1.75	-0.000979234950792	4.53320609147	-0.000541964043363
1.76	-0.00116421537126	4.52168542219	-0.000554752914624
1.77	-0.00142155862762	4.5491358188	-0.000527573268446
1.78	-0.00148185991376	4.55214578804	-0.000529327870912
1.79	-0.00127626476128	4.50220248814	-0.000567943467134
1.8	-0.00104122545864	4.44870360589	-0.000565050602196
1.81	-0.000930000295652	4.54850751993	-0.000535053774351
1.82	-0.000866039862372	4.52037006581	-0.000561448783707
1.83	-0.000939949823986	4.55292711592	-0.000544881370978
1.84	-0.00108179306445	4.44812747492	-0.000558715386657
1.85	-0.0013576226568	4.51656176111	-0.000528985677163
1.86	-0.00152365572714	4.60391278633	-0.000519586901635
1.87	-0.00136352480047	4.56031026093	-0.000539300969591
1.88	-0.00112173085908	4.5549620473	-0.000544956967179
1.89	-0.000940912846151	4.51723102944	-0.000557876416773
1.9	-0.000863691539908	4.49280423043	-0.000538289119938
1.91	-0.000884868034821	4.48410916079	-0.000555328464191
1.92	-0.0010332041669	4.51245251909	-0.00054524829631
1.93	-0.00122665247426	4.46035528566	-0.000559544073493
1.94	-0.00147299409211	4.53656953173	-0.000507915816006
1.95	-0.00140644226179	4.53903619019	-0.000550558074653
1.96	-0.00120087632381	4.57125932354	-0.000551087515623
1.97	-0.00100500293577	4.56252477163	-0.00053559606062
1.98	-0.000884897934617	4.53343785184	-0.000561792298655
1.99	-0.000839604184898	4.39543129639	-0.000563920057287
2.0	-0.0009611187794	4.47621198467	-0.000551680036659
2.01	-0.00117016823357	4.49053533544	-0.000551882032068
2.02	-0.00140966003591	4.52136729882	-0.000536772144669
2.03	-0.00149340595934	4.62156203712	-0.000504907445764
2.04	-0.00132652305949	4.64133252423	-0.000497375367753
2.05	-0.00105614155096	4.51025003892	-0.000556226778857
2.06	-0.00091049109601	4.44511319196	-0.000532487033091
2.07	-0.000889330807268	4.49536002721	-0.000548237242564
2.08	-0.000949015738108	4.45183505244	-0.000548560097035
2.09	-0.00112012374315	4.49736649082	-0.000549947554352
2.1	-0.00137881681074	4.58328631168	-0.000517329055035
2.11	-0.00149173312124	4.63911895274	-0.000502294512212
2.12	-0.00135921627015	4.63406554427	-0.000510289223593
2.13	-0.00110422499248	4.52014269128	-0.000550582255444
2.14	-0.00096622334352	4.53739993572	-0.000532672141928
2.15	-0.000893096325944	4.50513000782	-0.000548262757351
2.16	-0.000914660852351	4.46314790313	-0.000563756145229
2.17	-0.00104733980336	4.43118373556	-0.000563499691796
2.18	-0.00127558438328	4.50181425931	-0.000548710866971
2.19	-0.00142977176559	4.56283571309	-0.000538980559027
2.2	-0.001382869138	4.62790308166	-0.000512012194659
2.21	-0.00113332603397	4.50977896706	-0.000553113463561
2.22	-0.000965679380454	4.47846784064	-0.000562593773429
2.23	-0.000904784954008	4.51200531954	-0.000536998922003
2.24	-0.000869575978999	4.42531516022	-0.000578561814269
2.25	-0.000997778095357	4.49273602257	-0.000553669765784
2.26	-0.00117415937464	4.48551728348	-0.000566751193792
2.27	-0.00139702416858	4.58506573781	-0.000540766504456
2.28	-0.00146389982311	4.70462805618	-0.000494016784132
2.29	-0.00125949501236	4.60757750145	-0.000527195641963
2.3	-0.00105215452563	4.52117177566	-0.00055517171292
2.31	-0.000927336023633	4.46887263644	-0.00056861448899
2.32	-0.000948538950853	4.63646580212	-0.000525112172675
2.33	-0.00101149989972	4.59772093445	-0.000523537474921
2.34	-0.00116408550367	4.57019818256	-0.000528151817231
2.35	-0.00134904269971	4.62307148167	-0.000521724718599
2.36	-0.00144891507948	4.71500972976	-0.000485913169857
2.37	-0.00129088601786	4.64858191273	-0.000526030977931
2.38	-0.00111475964982	4.61908150946	-0.000523978066209
2.39	-0.000969219045495	4.55930440139	-0.00053700217718
2.4	-0.000921361964888	4.55728383678	-0.000556883525726
2.41	-0.000983104773452	4.62253634352	-0.000532773592934
2.42	-0.00109176984871	4.53966184482	-0.000530575616195
2.43	-0.00126201056565	4.55955457841	-0.000541127350701
2.44	-0.00137823016141	4.62892781445	-0.000519441704309
2.45	-0.00129349759394	4.60265040818	-0.000528005108404
2.46	-0.00114873990447	4.62062002358	-0.000516409676815
2.47	-0.000994098102975	4.5294148297	-0.000537525309108
2.48	-0.000929896703898	4.54980871395	-0.000533827836249
2.49	-0.000953300830672	4.59390132402	-0.000534948946822
2.5	-0.00103319105447	4.56819302455	-0.000534649956798
2.51	-0.00118593648852	4.59495090574	-0.000534815933441
2.52	-0.00129020517548	4.57106217806	-0.000540236601385
2.53	-0.00129999414668	4.64083925628	-0.000531198378372
2.54	-0.00116252153053	4.59536283705	-0.000542163924575
2.55	-0.000997080932263	4.53351370269	-0.000565314605571
2.56	-0.000932240676701	4.55791106301	-0.000550031292602
2.57	-0.000924432353385	4.52888378785	-0.000555642608794
2.58	-0.000974531874089	4.52447170536	-0.000557481429776
2.59	-0.0011203101251	4.58387689708	-0.00054411654073
2.6	-0.00122170410689	4.53536619039	-0.000548241809981
2.61	-0.00127318834776	4.60631923686	-0.000534891081173
2.62	-0.00114486831987	4.5142086957	-0.000545621245191
2.63	-0.00100470491968	4.48523934358	-0.000550212761644
2.64	-0.00088249011386	4.39590052119	-0.000585618240409
2.65	-0.000875565754034	4.49104793854	-0.000578227483601
2.66	-0.00093631421023	4.56681702477	-0.000565037248722
2.67	-0.00105709394006	4.61225005272	-0.00055136917259
2.68	-0.00118361806072	4.59328809667	-0.000554610184623
2.69	-0.00124861397784	4.60622658016	-0.000536472644863
2.7	-0.00119991150474	4.62807954051	-0.000531423490675
2.71	-0.00108194573631	4.63219109511	-0.000520491641275
2.72	-0.00092271683264	4.49480195474	-0.000548554870185
2.73	-0.000896263222894	4.57986202284	-0.000543686819729
2.74	-0.000922513645294	4.62091982472	-0.000537606896618
2.75	-0.00100449470833	4.62414903475	-0.000537150823009
2.76	-0.00112713690276	4.64574677564	-0.000521095541802
2.77	-0.00119974408425	4.5971263104	-0.000525369578337
2.78	-0.00113996175814	4.49057453179	-0.000569797364354
2.79	-0.00106922149738	4.5536187247	-0.000543149337205
2.8	-0.000943579463934	4.54084597981	-0.000548008153356
2.81	-0.000894008372611	4.56028299305	-0.000547345134501
2.82	-0.000882963998593	4.56818081152	-0.000554589486483
2.83	-0.000933758715143	4.56795251887	-0.000557755047727
2.84	-0.00104298649506	4.59304789232	-0.000557602036942
2.85	-0.00114439788829	4.63122154797	-0.000542448509479
2.86	-0.00116985050664	4.65784680392	-0.00052759927471
2.87	-0.00108156602044	4.63597742155	-0.000527432461606
2.88	-0.000935242090975	4.52788267258	-0.000551940883931
2.89	-0.000855027228558	4.52818229407	-0.000550410209012
2.9	-0.000877414890502	4.68012775301	-0.000517721649547
2.91	-0.00089954667717	4.62591178298	-0.000535016148308
2.92	-0.000987430328342	4.67096849336	-0.000536428938021
2.93	-0.00108977216774	4.66733604883	-0.000524031863814
2.94	-0.00112717683342	4.64533769688	-0.00052480081316
2.95	-0.0010741984261	4.62240461247	-0.000518417307839
2.96	-0.000946939461534	4.51326297228	-0.000532212427237
2.97	-0.00087593943791	4.5796764522	-0.000539710283729
2.98	-0.000843371434739	4.65621452289	-0.000548986867651
2.99	-0.000871844576096	4.69164303615	-0.000538799603425
3.0	-0.000928647545567	4.67477775247	-0.000542358447157
3.01	-0.00104912355224	4.75000917035	-0.00051779351695
3.02	-0.00108182282653	4.65294925892	-0.000539728717717
3.03	-0.00106044470044	4.61793751228	-0.000539932419348
3.04	-0.00095334570683	4.56662903368	-0.000558080584261
3.05	-0.000873391036368	4.6130672497	-0.000546945082027
3.06	-0.000824390537368	4.64009134297	-0.00054497915861
3.07	-0.000831778498999	4.70217843428	-0.00053549742846
3.08	-0.000874621119432	4.71343587829	-0.000543465342463
3.09	-0.000998261841277	4.79300315577	-0.000506867472399
3.1	-0.00107005411813	4.76327857444	-0.000514775332363
3.11	-0.00104295388107	4.63042111305	-0.000537517656564
3.12	-0.000975726371179	4.61908373778	-0.000534730637953
3.13	-0.000854536295544	4.58392098579	-0.0005573739231
3.14	-0.000799180376929	4.65754432652	-0.000536881188307
3.15	-0.000795921467075	4.73259591646	-0.000530694010889
3.16	-0.000801259401581	4.64398463579	-0.000540600914439
3.17	-0.000897609978272	4.7304885497	-0.000526184785703
3.18	-0.000970000772734	4.65463514132	-0.000529083568473
3.19	-0.00105218840546	4.73180200467	-0.000502657019993
3.2	-0.000944460355898	4.50580219157	-0.000554313323419
3.21	-0.000852040452498	4.53546809524	-0.000567186674662
3.22	-0.000756698650494	4.52418724286	-0.000582414419355
3.23	-0.000768090488892	4.69682307098	-0.000526408248863
3.24	-0.000756896179785	4.59505899664	-0.000561293141244
3.25	-0.000860584322008	4.75651566779	-0.000539677665506
3.26	-0.000942737251135	4.73021035616	-0.000539419636421
3.27	-0.000972645646726	4.60423789216	-0.000546345731749
3.28	-0.000968578922417	4.60932028392	-0.000549241623503
3.29	-0.000883860211859	4.61343025798	-0.000545099018997
3.3	-0.000762454709618	4.58114305571	-0.000562063896276
3.31	-0.000741632192325	4.73221373081	-0.00052977712632
3.32	-0.000727218435394	4.68054587207	-0.000533771291967
3.33	-0.00076930994981	4.65034737092	-0.0005339616765
3.34	-0.000839602419293	4.59795983473	-0.000546551407887
3.35	-0.00092574447583	4.60989973341	-0.00054248453111
3.36	-0.000954695424412	4.61220667733	-0.000538613274223
3.37	-0.000891216697055	4.59615288815	-0.000536152891645
3.38	-0.000823292392963	4.74939187248	-0.000506377585853
3.39	-0.000737056308346	4.72629527375	-0.000531260029467
3.4	-0.000719343509906	4.71145366419	-0.000530777583345
3.41	-0.000702959993558	4.57071016008	-0.000560576712576
3.42	-0.000787731749297	4.59685595524	-0.000555455165144
3.43	-0.00087861143104	4.57523609083	-0.000552746831409
3.44	-0.000935744833062	4.56071355182	-0.000540738650538
3.45	-0.000879644593901	4.53431427971	-0.000561426340925
3.46	-0.000773452642739	4.54793960371	-0.000553537590261
3.47	-0.000734213694127	4.74492849158	-0.000531381110084
3.48	-0.000663693720248	4.62762667429	-0.00054985699491
3.49	-0.000650555760881	4.49906212614	-0.000554071368344
3.5	-0.000788986569029	4.45421084602	-0.000576165017009
3.51	-0.000908809555972	4.5509554493	-0.000568606610709
3.52	-0.00100903495599	4.60803224772	-0.000546598497612
3.53	-0.00102199640168	4.59288592229	-0.000539625109232
3.54	-0.000915831790185	4.51763799982	-0.000566320578166
3.55	-0.000826511164463	4.62859829947	-0.000554024411579
3.56	-0.000701869083498	4.4534477954	-0.00059250317438
3.57	-0.000732949641751	4.59767055273	-0.000566802025896
3.58	-0.000732603498926	4.42050149268	-0.0005897139579
3.59	-0.000855953960561	4.58066317062	-0.000564889600256
3.6	-0.000944128308337	4.53986361748	-0.000555990684793
3.61	-0.00098972858573	4.56016727028	-0.000559253960152
3.62	-0.000936664443025	4.5401503943	-0.000579851816657
3.63	-0.000840702762649	4.57034094614	-0.00055633614487
3.64	-0.000724035762631	4.47241454211	-0.000580094565922
3.65	-0.000689755759796	4.53753067095	-0.000587334473412
3.66	-0.000691245227941	4.42784816509	-0.000585779848465
3.67	-0.000759358646189	4.45166277292	-0.000582023372438
3.68	-0.000844228214217	4.44832469214	-0.000584517525973
3.69	-0.00092928659581	4.50955505025	-0.000575184713824
3.7	-0.00093962760762	4.54163566423	-0.000562214785956
3.71	-0.000875340875075	4.64024715661	-0.000545497959887
3.72	-0.000761293897936	4.59698471227	-0.000549038855814
3.73	-0.000682356069318	4.52586735112	-0.000577435313352
3.74	-0.000665247031745	4.48418449639	-0.000588822370763
3.75	-0.000751263415329	4.57546711623	-0.000557130552772
3.76	-0.000822262475408	4.50625546296	-0.000569637225097
3.77	-0.000905042119993	4.4947896849	-0.000571343337625
3.78	-0.000954216239129	4.55128360015	-0.000577192034973
3.79	-0.000878265253648	4.51781209956	-0.000574848171503
3.8	-0.000742116365552	4.4570249794	-0.000597883863929
3.81	-0.000653726751482	4.43374537102	-0.000596739248727
3.82	-0.000641204632788	4.46490203976	-0.000589789345617
3.83	-0.000661301344803	4.41750833898	-0.000582058636498
3.84	-0.000731054728553	4.42773855723	-0.000593905210622
3.85	-0.00082807502339	4.48722008123	-0.000575951663777
3.86	-0.000895120103885	4.46219771468	-0.000591120176158
3.87	-0.000926554037091	4.6301316014	-0.000544196769731
3.88	-0.000734219422731	4.38016269597	-0.000615156706676
3.89	-0.00066094616443	4.39642448427	-0.00058578429366
3.9	-0.000630485445438	4.52145667436	-0.000577631688043
3.91	-0.000628178113421	4.51333406649	-0.000581641646695
3.92	-0.000650697342882	4.39324017686	-0.000602214463005
3.93	-0.000755206742248	4.44201755271	-0.000580931260766
3.94	-0.000887105500484	4.56245044071	-0.000557902806664
3.95	-0.000885131340739	4.50442655967	-0.000574199228574
3.96	-0.000806213371286	4.51686396249	-0.000585916683991
3.97	-0.000717156027681	4.56259868118	-0.000568681318172
3.98	-0.000625604446293	4.52913605227	-0.000587502589073
3.99	-0.000585084794079	4.39749755633	-0.000592988162851
4.0	-0.000641331040921	4.49440795585	-0.000581145197729
4.01	-0.000716769170178	4.46799464381	-0.000569126269303
4.02	-0.000806566490872	4.48212383964	-0.000580452943478
4.03	-0.000859308835591	4.42584960062	-0.00059053946602
4.04	-0.00082586041741	4.47033765092	-0.000581928184112
4.05	-0.000764865392421	4.684153871	-0.000560431067722
4.06	-0.000637375207879	4.51975057073	-0.00058563772189
4.07	-0.000581871716385	4.4650398193	-0.00058396611418
4.08	-0.000615133829274	4.57586770424	-0.000569511052844
4.09	-0.000638152031532	4.40890505889	-0.000573092232152
